> crops.mds.allyrs<-metaMDS(data4nmds.allyrs,distance="bray",k=2) # can play around with options here to ensure convergence
Square root transformation
Wisconsin double standardization
Run 0 stress 0.2129674 
Run 1 stress 0.2323255 
Run 2 stress 0.2312475 
Run 3 stress 0.2238856 
Run 4 stress 0.2324577 
Run 5 stress 0.2314629 
Run 6 stress 0.2294301 
Run 7 stress 0.2263768 
Run 8 stress 0.2289974 
Run 9 stress 0.2411629 
Run 10 stress 0.2235862 
Run 11 stress 0.2307207 
Run 12 stress 0.4212162 
Run 13 stress 0.4212195 
Run 14 stress 0.2339894 
Run 15 stress 0.2316449 
Run 16 stress 0.2314582 
Run 17 stress 0.421222 
Run 18 stress 0.2322157 
Run 19 stress 0.2257345 
Run 20 stress 0.4212176 
*** No convergence -- monoMDS stopping criteria:
     4: no. of iterations >= maxit
    16: scale factor of the gradient < sfgrmin
    
    > NMDS.mean
   group          MDS1         MDS2
1   1961  0.0637534700  0.019702480
2   1962  0.0574716992  0.014347330
3   1963  0.0586888948  0.022874585
4   1964  0.0572450909  0.009504972
5   1965  0.0526749418  0.009760130
6   1966  0.0431748404  0.009447204
7   1967  0.0398537851  0.007524356
8   1968  0.0360498240  0.009687407
9   1969  0.0349887801  0.008950089
10  1970  0.0311218606  0.007065316
11  1971  0.0268148228  0.009375574
12  1972  0.0256376635  0.014260238
13  1973  0.0253542428  0.012514622
14  1974  0.0269745643  0.012806542
15  1975  0.0288530822  0.016335742
16  1976  0.0279047790  0.020790605
17  1977  0.0201703626  0.016468579
18  1978  0.0178591057  0.015740447
19  1979  0.0136036890  0.013151396
20  1980  0.0085213337  0.014731998
21  1981  0.0029300319  0.017215832
22  1982 -0.0002825468  0.017727007
23  1983 -0.0038666892  0.017174012
24  1984 -0.0028350139  0.016384750
25  1985  0.0025800252  0.010966891
26  1986  0.0014402055  0.004869099
27  1987 -0.0024570829  0.006705327
28  1988 -0.0058101042  0.002737898
29  1989 -0.0064755024 -0.002369959
30  1990 -0.0068466056 -0.006028884
31  1991 -0.0101457993 -0.001805344
32  1992 -0.0144917486 -0.004412172
33  1993 -0.0141569938 -0.006500876
34  1994 -0.0168367154 -0.015833997
35  1995 -0.0167151323 -0.013795646
36  1996 -0.0247110714 -0.018967903
37  1997 -0.0300612336 -0.017697799
38  1998 -0.0340343885 -0.018899801
39  1999 -0.0328257815 -0.017470976
40  2000 -0.0377178035 -0.019555855
41  2001 -0.0388273396 -0.019114692
42  2002 -0.0416757786 -0.021071665
43  2003 -0.0466811866 -0.025315862
44  2004 -0.0474720050 -0.023069886
45  2005 -0.0505566483 -0.025551657
46  2006 -0.0544737603 -0.026875716
47  2007 -0.0545431953 -0.024577047
48  2008 -0.0542427918 -0.025083504
49  2009 -0.0549241766 -0.024821191