> crops.mds.allyrs<-metaMDS(data4nmds.allyrs,distance="bray",k=2) # can play around with options here to ensure convergence
Square root transformation
Wisconsin double standardization
Run 0 stress 0.2481797 
Run 1 stress 0.2645539 
Run 2 stress 0.275456 
Run 3 stress 0.2562452 
Run 4 stress 0.2622228 
Run 5 stress 0.4212184 
Run 6 stress 0.4212154 
Run 7 stress 0.2774142 
Run 8 stress 0.4212215 
Run 9 stress 0.2780715 
Run 10 stress 0.2730277 
Run 11 stress 0.2703401 
Run 12 stress 0.4212132 
Run 13 stress 0.2714557 
Run 14 stress 0.4212176 
Run 15 stress 0.2697671 
Run 16 stress 0.4212219 
Run 17 stress 0.2810021 
Run 18 stress 0.2694682 
Run 19 stress 0.2628279 
Run 20 stress 0.4212194 
*** No convergence -- monoMDS stopping criteria:
     5: no. of iterations >= maxit
    15: scale factor of the gradient < sfgrmin
    
    
    > NMDS.mean
   group         MDS1         MDS2
1   1961  0.094220446  0.018285685
2   1962  0.087542356  0.007966403
3   1963  0.093721616  0.008684041
4   1964  0.089684372  0.021992339
5   1965  0.081669755  0.027367142
6   1966  0.075347897  0.011963887
7   1967  0.057097762  0.020401283
8   1968  0.062323233  0.021430610
9   1969  0.063952856  0.009840022
10  1970  0.052395114  0.005057300
11  1971  0.051210658  0.007978133
12  1972  0.044739671  0.019634861
13  1973  0.048365977  0.015336356
14  1974  0.039755506  0.011204460
15  1975  0.040415651  0.016967907
16  1976  0.039021898  0.026766048
17  1977  0.028491277  0.009260010
18  1978  0.020104273  0.015202439
19  1979  0.019608336  0.007880939
20  1980  0.012219138  0.015982544
21  1981  0.010827024  0.020367345
22  1982  0.002613584  0.011038622
23  1983 -0.004743459  0.003757214
24  1984 -0.004091430 -0.000534227
25  1985 -0.006544368 -0.003802035
26  1986 -0.003631242 -0.008354469
27  1987 -0.011078409 -0.008581661
28  1988 -0.013676792 -0.008428173
29  1989 -0.017774572 -0.012503025
30  1990 -0.016570651 -0.015870792
31  1991 -0.017863010 -0.007456773
32  1992 -0.029707949 -0.008215512
33  1993 -0.029008677 -0.005690253
34  1994 -0.032252940 -0.011932701
35  1995 -0.036521288 -0.013246187
36  1996 -0.039193209 -0.021932878
37  1997 -0.052142654 -0.013013563
38  1998 -0.049593024 -0.019780567
39  1999 -0.057532463 -0.019362623
40  2000 -0.064953894 -0.020768516
41  2001 -0.060871949 -0.015991944
42  2002 -0.062941286 -0.012897298
43  2003 -0.065341798 -0.016294588
44  2004 -0.068448683 -0.018016331
45  2005 -0.073959042 -0.020463415
46  2006 -0.072035470 -0.018197220
47  2007 -0.076035303 -0.009528191
48  2008 -0.071948886 -0.008832988
49  2009 -0.076865952 -0.014669660